41
142
161
13
9
5
59
244
152
38
52
260
202
35
139
12
189
257
150
256
254
73
206
204
223
107
243
258
250
67
70
63
11
115
57
187
179
205
193
74
242
203
185
98
207
125
114
241
247
46
236
265
252
194
192
226
40
20
36
215
78
225
3
49
171
62
23
218
25
166
105
113
21
160
231
143
148
33
216
130
213
238
196
181
65
178
16
30
156
217
126
262
195
29
77
87
146
168
37
68
220
61
164
24
158
136
221
122
155
120
237
123
97
182
96
89
14
151
10
17
208
94
58
106
249
200
88
235
183
232
157
233
32
259
60
44
39
132
76
72
71
75
48
45
173
227
99
255
159
19
2
209
7
188
248
177
229
95
131
15
184
153
50
4
100
91
121
128
80
84
263
82
149
34
174
239
214
127
54
240
251
42
163
224
197
119
117
31
201
27
176
211
43
101
234
1
198
135
172
245
137
86
170
90
51
222
180
186
81
145
55
162
92
175
190
6
261
18
199
141
56
140
79
154
109
134
112
147
228
8
230
116
28
47
111
22
129
66
53
219
64
210
124
83
118
85
138
253
108
264
144
212
246
102
69
93
26
167
133
191
169
165