65
223
183
41
47
129
169
208
246
240
164
242
123
146
151
179
54
255
43
157
1
253
79
143
170
40
35
96
265
158
232
233
112
82
235
67
228
126
128
204
74
134
11
149
188
83
193
20
200
159
55
243
27
109
163
56
28
121
215
102
44
48
152
81
53
244
73
120
4
24
70
191
259
87
5
107
168
212
119
213
33
132
210
93
101
257
22
49
190
180
124
106
206
98
256
105
148
229
153
181
185
263
26
173
218
3
241
42
97
25
156
221
252
68
225
111
260
176
130
186
261
80
131
144
196
202
18
250
201
51
237
178
160
249
46
224
21
172
76
165
66
78
85
142
12
37
94
194
238
75
92
166
236
133
23
59
174
115
141
198
192
245
199
138
52
117
10
175
264
32
220
147
171
239
248
258
100
182
36
14
155
214
118
13
139
140
162
127
17
154
58
90
95
137
86
9
150
29
184
38
60
222
2
167
262
69
91
62
216
203
227
254
114
34
15
6
84
7
39
234
16
72
99
113
125
217
195
205
108
251
50
209
61
88
71
122
226
63
45
161
211
189
57
77
136
30
116
145
89
247
8
31
230
231
197
219
135
177
19
207
64
187